10000 1000
23673
-9681
2759
4230
4726
-13940
34795
-13569
-11115
-6356
-657
26516
27051
24814
2976
-14973
-910
-19469
36549
31759
24877
-8022
-15743
28077
-16725
-2181
24032
10804
8139
1060
-6795
-11016
-7995
25771
37227
20141
-8292
24387
29059
7184
18566
20573
-3300
33551
9956
5495
10341
19700
37446
7995
9085
23610
-19248
20844
12342
-1105
25410
-2359
6950
6063
30212
-15127
32398
-13328
-581
-6999
13837
28033
32629
-16380
21700
-2190
-17456
33895
5517
34879
9770
29018
-13914
1260
-11756
11736
6011
-9161
10176
28036
-15765
-13951
-18486
-5726
4506
-19434
-6036
6771
25370
24277
34524
-14938
3462
-12761
-6706
26716
-3206
28297
8419
37080
2426
3468
-3944
5149
18230
23079
-11775
29931
3167
-3428
25694
-12803
-18453
12565
-19529
-12100
17569
-10243
-19744
3506
34687
-1895
36794
27155
34251
23266
6676
-6864
38108
16543
-11466
37554
23620
-19568
-10058
18320
17670
-925
-2466
-19517
37748
28715
-7364
-8642
12730
-19112
-1099
27634
-8932
14972
23631
13025
20292
17838
8291
16693
23973
36606
15964
-9456
-8970
15772
-2126
-1845
36569
19127
37012
6313
25678
29663
-11073
-12646
26195
8867
33978
37089
1624
-6565
36656
39783
-4829
-1464
2107
-5200
34412
-8814
6897
38450
29690
23548
3794
22901
20552
3651
-19928
-10520
-2061
-3716
-11833
-15609
-4341
22548
13990
26605
1449
-14914
31752
18401
21232
24466
1359
-15616
30290
-3508
-11272
-5682
22223
21689
3411
18840
15183
17775
10876
-17238
-12863
-7918
12030
2152
24668
37738
-3818
-1769
1181
13540
25430
-16978
39935
16756
11646
-12079
3943
6836
13113
-5867
-15889
35406
5505
35329
-19207
28676
-5182
1916
13727
21691
-663
12721
4776
-956
35139
31957
37609
16950
28035
35306
26038
-1985
-10005
9619
-6909
18911
-5858
-2069
-1999
-14197
1511
-14671
-14002
3829
267
1095
19140
32362
29149
-9484
-11181
14045
5852
36383
20229
9131
14525
25834
13695
-14189
35874
30135
13647
-14653
28593
12213
32292
27790
37361
33989
21277
25666
-7926
30949
24048
2314
-17427
19384
38200
-10360
9236
-10142
-10246
1729
4936
-13901
4220
32988
18618
1604
32990
-19808
-17406
-2701
2020
16464
4165
-3236
16503
-9592
-11698
-16468
18762
10432
-19687
36180
38706
-2389
26249
-11777
-640
19148
18260
21686
35842
22183
25250
13229
14041
-12016
14770
35980
4563
2732
30236
-7836
10397
38424
-8435
-9977
16329
-18686
21115
11077
32647
-12257
176
-5377
28457
-6616
19100
7364
-1853
12867
36074
-10396
19931
10342
24868
21613
12721
24868
16740
34559
-19224
35244
4225
12499
-15032
29415
34488
23026
22805
11744
6920
20571
38429
21071
20992
-18035
24507
14235
1005
-19120
4512
5736
334
29876
32792
29391
2522
34179
23986
7197
15342
38547
-11493
6665
21182
-1646
-10155
13504
-2672
13982
264
5438
12833
1452
-5323
5784
14575
-6690
31997
12590
19849
-16290
9889
-6050
6863
-6227
25803
39516
-12998
5083
-17116
-4718
16431
7658
5185
-16698
5013
6114
16252
-8716
37863
4122
-11937
18482
-7764
23738
19835
20901
-7693
4566
-2803
32904
-3729
-19146
-7783
6021
12324
20583
6370
23276
4736
5975
5280
24489
39972
34699
-19354
29949
29729
3736
-6410
19583
34829
18367
-5524
14957
26991
24595
-9609
26481
-1235
38110
27171
35744
37203
28157
8700
23843
-8541
10752
37554
36589
-1254
31408
-4314
35296
17222
24333
-14274
37204
34978
679
-11742
546
37397
3124
-14439
7216
10081
34163
27291
342
14611
-15234
7992
23475
38582
-18590
-18579
13137
39088
-4565
12840
31868
-3933
-7932
18656
-19331
-12747
38222
11912
30291
22362
-5578
5029
34466
1043
6968
7346
19839
34671
13674
24374
-17581
4634
9275
10592
10066
12478
-12252
34058
-19999
-1788
-16538
-13115
-3517
-2524
8479
-633
3070
-12538
29688
-14059
9094
11606
6174
3905
-9325
-1861
31332
22378
30501
5258
-13018
-9170
7502
14738
13772
13331
-18532
18458
10501
17462
26053
38047
-8143
29494
37149
-14621
24543
1288
32852
29486
-16581
-15129
25520
31471
3357
14064
32380
10470
39235
15158
15708
-14197
12633
-8795
-14975
29472
18556
19619
32742
6898
13455
29447
17372
-5426
19364
18275
2091
8848
26070
20164
31116
-2860
1888
3217
-6005
20259
-1774
-135
8649
34855
-19186
22142
-6023
10915
33533
-4207
12227
-15631
5528
38952
13614
31591
27126
-18950
-6933
31398
13390
-19034
23450
20031
1804
23829
35000
-2781
29181
27886
37098
-16913
12230
12537
-4728
25858
28005
26000
-14768
11638
-8291
-10296
16500
39476
25913
29917
2268
24654
38533
-5510
6062
31992
-441
-10714
14571
-10931
34986
15956
26912
-18911
30824
25529
-4812
-14203
-2204
-14377
11228
29124
-9446
9775
28316
-19948
-17948
8781
14715
-9169
-10203
-9249
21450
-17278
-9297
8562
-14478
19336
31710
-13773
25029
-5544
9962
-12791
39949
13833
19375
12255
33962
11588
-4169
37101
20245
2532
-9635
18836
39112
1436
-19639
15610
-5601
11767
28381
18438
5981
17541
2459
38527
23500
-15794
17585
8181
-14925
-12504
12990
-15498
-1188
22198
-7073
-18623
24093
7621
36531
21970
-5344
26238
33642
20513
565
16677
25850
32822
8153
36987
-13256
37837
7341
36329
20664
31981
26071
31353
2054
-14584
21829
-6417
26437
36738
39316
20258
-567
-3321
35027
19296
37604
29064
16428
14327
-16156
24308
37520
32717
2511
28496
21938
36874
-16811
37810
11695
23389
-10952
-4222
13603
-12133
-10000
-9072
1662
9747
14458
-18917
4396
-16753
16910
22420
-17085
35004
23456
12505
-9681
4210
34114
-3087
4570
17692
22333
-15169
453
25278
29474
24180
36613
-16421
39415
24822
34011
-1761
7546
-4243
24838
-13088
-13218
10529
31348
15810
-1026
-6126
-530
1515
33103
-17572
15370
34597
-10011
-6576
-11682
-4502
-12831
329
2654
-16526
24691
-381
22991
21173
32821
-16774
15893
35132
30519
-3968
-2157
-6850
-7239
3015
-15445
-11350
39236
32092
-1437
-14130
-18981
-9129
1706
16404
-8562
-369
-1425
9434
-15135
29399
25018
-3903
-2132
16614
-6774
33576
29708
-8805
-2984
-18495
-4885
32665
-2486
-19747
-4941
-12529
13314
4904
-4544
21820
9653
27287
-15391
35402
38579
15537
29334
26318
-10608
31734
8467
7888
-17384
34555
-11127
1644
9962
14908
-4535
15469
-16626
-7145
25050
38702
-12689
4862
12780
28764
30579
13369
-558
8220
26964
-8954
-12764
-12846
-12050
-10018
6782
-1088
-11094
10113
9165
35322
-4632
4699
30487
15389
35621
19085
26810
13792
39978
-8731
1459
-8005
16293
-12924
12518
26330
10848
1368
16034
-6959
-2200
3750
14080
-2868
26734
-12303
23357
24581
8915
-9534
34396
-7016
-1856
36765
32210
6384
-714
23839
27494
328
9076
6458
25976
29420
13240
58
28407
-2985
23123
26248
31308
-17098
29174
-14022
2772
-13934
23085
29470
-16187
-9197
9054
22744
-14602
-9651
24110
5927
-5293
-14214
1951
4360
10752
-3323
20380
32115
17539
-10280
546
8253
38234
9280
-6606
14817
16857
35845
20683
32405
-12955
-1269
34329
8653
33463
19885
-10531
7744
8106
19927
36242
32211
-17771
12622
-17180
-2339
-8276
-18223
39862
21847
25517
17127
-11391
-18657
13705
35238
-14990
-14849
13298
36540
-10888
28455
16209
17738
-14312
23462
35203
11671
10693
1461
3731
30453
14728
18417
-785
16288
2954
-12531
-3835
13945
32874
-5346
35668
15347
-19239
34788
-17041
-18598
-12800
-16161
-4895
31530
21842
23127
22851
580
-11831
-7989
34309
6776
4706
-9195
-16719
18206
21050
-3838
-698
12091
-4556
21647
25778
33944
3996
13240
39035
-12734
38348
-17233
-10453
-16921
-3185
2534
-7795
39465
-6125
-3679
-9352
35414
29725
-5830
6844
39257
-15935
6859
11773
21822
15525
21487
-16310
-6917
-12686
20065
5609
-9342
25125
-9237
11669
38185
-6500
17931
-1580
-1024
13734
20256
-11268
35389
33412
4231
23884
25380
18409
22551
7079
-3742
6046
-16149
30912
13650
21211
-4926
28273
1493
-5896
1070
37252
15548
-19451
30913
33058
-301
-8929
3776
11233
-16195
13707
33465
15414
12259
-5462
9800
-587
26225
-14050
25227
-11104
22977
15796
36579
-18627
-3030
-13903
20968
36628
-11358
29153
18324
31403
12453
-13936
31146
23228
-13972
-16197
23806
-16329
22839
27354
2479
-2578
-6070
11589
22402
30415
-16125
25758
-7411
8752
17264
25692
16392
32489
10853
-15406
12464
-11448
32393
-7902
-4386
4553
31350
32473
39161
-10187
39075
14123
33988
22662
-19266
-10344
24095
20557
39667
18994
11830
22910
615
27948
-16514
35501
19310
32344
20140
38712
-9113
21956
-13139
-6827
36745
14336
15243
1241
29735
19321
12533
239
17335
25247
-5755
31250
35357
-15682
38331
-9595
18157
-8205
20001
22887
34659
-9980
-19825
-10101
-3877
-11525
-10717
18928
-7076
-13294
13845
16288
4645
-5032
38519
32044
333
10252
-18800
14081
5229
-1490
35297
19304
17029
38014
-1418
22412
31722
-9538
15722
26482
19572
2750
33807
19748
-8223
14473
-2215
12276
-19672
-14948
-5522
16002
11505
3119
3
20346
1820
11723
-19940
11805
-14509
24442
8450
897
6647
31575
-6128
21697
4981
16788
-10999
-16390
20162
-14362
9725
21354
-18797
30022
3753
-13494
-12134
18135
30553
13314
4147
27191
32605
24890
-2403
16001
23657
5693
-3070
22969
-17486
5005
5920
30309
-2822
25673
12761
18267
3763
24121
2017
26701
19967
26816
-6681
-15713
29048
13394
34267
-10257
-19329
764
-7667
-2277
9091
33441
31530
4379
8002
-12577
26008
14681
-4062
-1353
36689
39137
34148
6690
8533
3843
30125
13926
16832
30694
31165
11139
13577
25711
27347
12409
-6521
-5621
10918
-19616
33451
-16633
-18091
27152
36347
-7151
4714
33241
-12279
-1495
12763
37389
25042
3543
25135
38719
39881
-12441
-10373
17944
26002
37834
31489
14768
-2859
11491
23349
15041
25120
38661
-710
-14702
28250
-14341
30325
1019
25224
13094
16700
16008
-16189
33105
29228
8377
19339
32810
31209
-9967
17083
-748
37208
23589
-12614
11501
26744
8574
5606
30223
-8644
-6296
33747
14375
39247
6082
-19604
19024
31728
2981
10461
37192
22445
31344
-19939
6066
14843
-7618
18962
35528
19944
1749
14249
34730
20494
8310
30577
24362
-19100
25774
29696
-11033
11084
9488
8340
-17085
7490
-827
35104
12522
-8937
8820
7793
9347
8094
11789
37197
26384
36311
14195
19060
17824
20354
12856
24909
30002
33273
18666
19140
-14052
13400
-14368
5863
11126
15333
37632
-11652
2190
32107
3012
-10769
7762
18380
-19885
38016
6542
38150
33637
-19171
-10049
27334
19418
-9065
-10824
34212
18540
-3814
15898
15281
14839
-1956
17443
10195
39537
-6880
-19891
-4023
-11775
-8213
-3492
-16478
25123
6639
-6363
32131
-5272
36193
14713
14912
16958
21243
-5541
6487
20160
15237
14211
964
29516
37178
23477
-1459
-15858
-1467
1967
8611
26180
6375
-11363
10018
11014
38940
24715
39613
29681
29093
36681
3708
1485
-12125
-19588
16934
17752
-3653
34625
17706
29415
-751
32001
6403
-270
25605
-15880
35903
18
20108
22169
34246
22357
27828
17336
-6090
30524
21109
-11670
21063
37099
2604
25639
622
-12342
7022
-11072
25400
12470
-1486
-19636
13030
11459
20145
1720
34179
19024
14065
-3864
21457
9349
24082
-13244
-15325
37683
6760
-2761
38043
29507
-13988
19917
3588
-10322
29986
18798
38697
3648
3656
19816
11481
9990
-2299
5562
7860
-931
33220
29069
-8878
-3479
24156
-10068
-14848
28539
-9023
-11705
8383
17798
-14419
-17589
11913
-9113
11315
27326
4388
25663
39096
35009
-18549
1941
5144
36744
4730
-3242
-1085
12815
4124
30721
20058
-2967
-6485
15264
-2702
18088
33285
14716
32853
4750
-7900
1739
-1484
-1917
-15816
19536
11742
11333
-3857
6564
36672
31772
-9172
-11100
-896
-6891
10260
-4190
24810
-4505
3842
-16659
3709
-19853
5854
-10270
-10420
16206
-15224
-15903
-15257
-6555
37094
-18140
-9294
-13849
21750
2528
-12988
-696
27020
36173
29233
7035
33664
-478
28839
38478
17373
-4205
1064
-18291
1247
-9404
21674
32340
25075
2571
31361
26453
24980
-11669
-11291
-11197
699
36693
33553
10316
-4311
35994
23774
27836
23980
38883
25969
20
2921
32378
-6215
26126
-7462
24833
6637
683
15688
29202
-5046
24687
38862
2480
-9087
1821
888
3438
-19310
16547
-3160
4146
3658
3068
-3468
-7596
12732
-199
29844
-17605
17450
3838
9374
-13470
-796
33449
-12347
-6490
-16303
16456
31648
581
-4315
13647
7541
20304
-10089
-10570
27332
19806
-13720
-8577
8656
10724
32614
28767
38118
-11160
17847
16591
13489
19018
37493
27044
6473
38466
-3045
21306
3844
19375
-8058
4741
17104
-2320
17355
-7717
19255
19566
-18086
-5892
3231
12147
14960
-4901
13212
-8669
27594
37688
23494
-5107
-4619
356
-10226
7005
30003
20333
20960
8313
20185
34947
-361
28416
5780
-3678
21291
-10843
6359
-12618
-9476
1948
37727
-5373
-4068
30738
19524
5692
25491
-6025
11279
26717
30980
32500
8755
37317
22399
8855
-14751
31763
30572
16662
8638
-976
-7240
-6822
12774
-8522
30124
-10907
20952
21645
11386
39690
-9846
3755
31537
18272
1999
35055
23240
-9703
-11229
-2136
-790
-3216
-8802
10546
5747
15324
-4517
-17484
-4189
16830
38220
23410
-9452
-9551
28124
14294
9219
24919
34472
-7535
30188
11197
14667
21849
21213
23803
32169
-14682
20590
-14241
27109
30246
-9235
-18344
15480
5430
11569
36300
-10485
8588
21385
-18816
1490
-13216
-3274
24600
37356
25419
-14708
6272
5806
-3754
-12887
13210
-14242
30652
26529
37648
14131
18645
-19568
-1856
13009
14963
19209
-4772
-7728
-3919
18121
2809
31942
9037
-11804
7996
-14827
14172
35035
36045
34521
3701
21294
-7262
34720
10936
-6873
-18708
3438
37783
31271
24384
-4808
27134
-3031
-15515
-4522
33249
-1935
-1725
-15095
39309
-17861
7641
-2118
-7084
36298
21170
11337
-6952
-2174
20846
-2384
36276
20998
17748
38444
-17263
30846
38934
-4875
15630
-2383
5430
-8066
11543
-10478
27258
-19240
-6559
12015
-19209
33404
191
14677
20494
4261
9936
20529
-7441
-3322
30560
961
-19795
-7468
-4859
25020
27759
12600
-1537
34652
-3642
4446
-10567
-15498
12700
5971
36351
22582
4157
37479
-8697
14097
17619
-12450
32236
25017
-10359
-3908
30262
-4321
-5768
-8401
12956
39095
-6418
2425
-68
-6775
5283
1681
-16514
-12893
6574
31074
-7506
-18502
36044
28935
31442
878
13335
-5396
7915
8590
34873
21285
-13083
820
7505
-1257
-7657
-2900
7914
13057
9182
-18241
-16520
19388
24404
37146
-19092
-6079
38011
-2874
29726
21638
-3584
29443
38001
-15426
19870
32700
30594
13676
19582
19487
2241
-16501
-13641
23934
-18030
39422
8703
-13841
36804
8985
20240
29701
11101
30799
-10823
10348
4800
28167
7600
16084
35375
308
-11462
-3354
39611
31430
-6319
18551
20615
-9456
-19763
7154
-9595
-9885
39637
-8997
36792
15192
14829
-9290
21445
8631
-11367
17775
35458
14367
-18299
9491
8019
-11511
11822
19255
-618
12943
26920
9637
27046
-19035
-1393
30686
23409
-11990
23082
-12933
18759
4108
18711
-4670
-1993
-17625
-4882
-18486
-7878
25883
27864
-10062
16552
-16015
-17344
17432
2472
-19445
1087
10551
-7973
-1949
-7838
-10053
15311
11713
11735
-9536
-5186
-6562
2377
38635
15631
-5906
-17828
16872
30705
1538
4205
-17599
-1838
37747
26731
1041
10517
-11204
27884
-10977
1003
38259
37879
4092
-11295
1942
17006
-15787
-10332
-5506
30422
5090
27252
3519
16243
22365
-3438
2678
4888
-4748
3765
10032
25917
-4214
12958
18504
-17055
28714
25722
1868
22187
-5308
-8060
-1930
-16155
37931
31209
37591
16049
38796
4440
-18112
16677
33084
-13771
845
-10906
-15617
10654
23415
38935
3985
-6216
-9076
34963
-5227
23458
39220
39727
26475
-12212
-6665
20266
27282
5702
9615
22711
-18527
-18436
16622
-1268
315
23122
37
22774
26676
24632
-19755
20527
-19436
33923
22169
9241
28536
-12460
34625
38969
-5523
38365
21040
27233
19333
23654
25878
23563
36206
-15929
14308
27253
12802
23003
3629
7941
10113
887
29439
11481
-16945
-6881
26614
32656
-7664
-17751
25356
-18838
-1486
-5482
-1159
-7989
16085
-19499
-90
-9998
-1698
-5915
10590
-3196
16694
33830
27864
16928
1771
20057
38642
23868
11620
39750
37238
29980
23623
17301
17971
-3390
-7204
15410
30138
19737
-16383
35608
-12885
6497
-2391
23400
981
-7179
2219
-10673
25212
15036
-13305
7460
-8521
38584
-9960
22502
33586
12987
-19976
-19899
1223
32862
-19245
31831
2441
19334
-7132
18502
23262
22877
21936
157
27345
9057
29135
22175
-2702
-16592
11353
10305
-16448
24903
29247
11047
-2638
-17547
-11645
4940
9407
-12258
-300
-11960
7958
26568
24481
6322
13148
33342
7708
23116
25860
20890
15682
-15980
39982
8315
-1599
14325
7930
17783
8101
27276
7859
16055
19440
-18461
-4112
-10328
-8682
-16870
9928
-17058
15752
13407
19946
7072
20640
-5635
5707
-13087
13141
-15523
33092
20525
20170
22485
16334
-15184
1160
17544
12417
-6407
6052
9697
-4298
1614
3876
-16242
28176
-14918
-1444
-1352
-17329
-5719
1063
16191
11997
26773
32693
12365
17561
-1789
24711
-10104
20914
37866
11019
-18549
13313
13822
15027
30138
-3735
9764
18707
-17292
19944
8634
21102
31988
-10495
6538
8243
5836
19605
36171
3074
26070
17492
8842
33428
38209
10313
-2851
27032
21702
38333
-15882
33107
32308
12532
14052
-8298
31667
9969
-17287
16471
344
21020
35834
19092
3643
16497
39407
-5843
13594
-10689
-1140
-14933
4304
-13909
10731
-6559
1277
-982
27091
-10353
34911
-12790
11372
38881
15316
15559
39992
12071
-13347
11224
-15494
15147
36611
6417
36464
37873
20252
29458
-17713
21100
-14972
39878
18262
4602
31321
1354
-9638
30657
-17175
11228
19309
11796
32691
-1891
33841
-14528
-9082
17545
24674
982
-14762
12823
-380
14765
-3914
9759
-10184
-12425
10998
-19691
1156
906
18398
-18527
32311
-3913
253
36310
33688
-7342
-8738
25405
4743
4556
-3923
37990
1173
-17822
25527
23614
10947
4359
25498
14148
22712
3077
16540
23666
23047
5335
11089
15197
5400
-4280
1011
24912
6531
-11604
-19282
37828
-1420
-8123
3613
-9144
-3068
34151
25794
-3133
-11476
16221
6140
22157
35838
26337
7805
39850
-13025
20760
28509
6814
29277
-4342
-7481
-6684
34122
37806
13953
30067
-4460
4136
-5444
37617
-181
21167
23000
8777
-8720
38840
13175
19855
916
13350
19225
6256
-2126
35655
17160
-9003
-19547
1962
11163
-14471
24285
-13285
-1793
-9769
-9293
9466
26715
-14431
39183
-19435
26869
38588
-12899
34071
26363
-8062
-6332
4624
24077
16806
-17055
34078
-15362
-5777
-13431
-19578
-1783
15447
35917
2967
5180
18592
-10539
8208
14087
-7334
-3236
22446
36636
-5668
17572
34121
35692
29957
4200
28566
21048
27655
24899
-12440
-17125
-14083
20094
33194
4638
-3787
1104
5303
-12985
14627
-3582
18037
-15267
-5655
-12569
36359
-18918
6712
-5040
-9517
13186
-11612
8904
25134
9669
-3749
-15771
3481
19296
14216
25524
-595
22875
-17246
-17086
9417
39980
-17595
7852
13760
-4078
-2143
35625
24246
31225
4877
-10120
12751
18450
1943
434
-10787
-18698
-15415
-7494
3333
36691
3386
20291
15348
17326
39296
30974
30047
9925
14138
-1355
-7054
610
27111
38747
27722
33587
32447
-12381
33858
-16069
25715
10358
31464
2785
32694
13063
6295
-6809
8378
3975
-13878
28249
4825
13260
-6768
39411
-10496
18390
5910
17191
-12274
6930
-5442
-1785
12544
38301
6914
36067
-708
12618
19969
30785
25937
-5968
13934
-5843
3892
-11058
22658
25478
-9500
-17151
-3270
26983
1190
31629
15303
26112
31802
14348
24192
-11645
18242
26537
9679
29704
10682
11624
20480
21518
3063
-3174
24505
33778
23371
15641
-16806
13850
10405
-16819
26708
30477
10400
4456
33345
16296
15685
33513
-17811
-10743
25193
23863
28149
-12945
-6490
30723
19055
-15225
20418
28190
-19046
-16537
33108
17441
-4557
28487
7183
1295
23125
-1385
-13123
-9006
9755
36107
31493
-333
20518
3747
39907
-19969
-9220
-13582
33876
10868
9108
-16850
24455
14355
3766
-16417
19760
-12284
30207
8995
-19708
-18448
-18972
30876
9884
18198
-10534
5596
-637
-16388
-9708
34684
27558
17499
21735
-18099
5222
38831
-7591
-13962
-4867
-14818
-415
35618
-1148
39358
33740
2048
-5624
25828
-9870
-4263
3323
-13936
27711
38011
14022
35118
38720
13950
-6221
25785
20698
-19096
36827
-17001
12935
9191
36712
-7394
37982
26423
-16142
-1230
14428
3735
-7512
-11216
24696
-3848
11802
6178
14617
-14924
14005
36552
2696
-18004
27928
29396
-1446
8649
-14042
11940
11268
12356
-11802
-7063
4471
-9679
7004
18061
20834
18652
11008
-15629
35045
6221
11713
-19775
1238
15914
-18634
8157
-2347
-13818
18863
-5834
-6817
27864
35304
15336
13649
8418
13579
26978
-14454
3361
22662
-16846
-1723
6102
5600
-1049
-13759
14163
33058
14685
-356
-6525
7698
-6778
38612
-15336
18999
25215
38640
4575
646
36813
38935
8066
19665
6950
-15269
25789
13242
27353
-11890
8157
-6687
33201
37548
23672
-16410
-234
-12193
-7313
-16374
26537
-7058
-5731
21351
8902
10960
16761
34716
27817
-14087
-4720
-11005
-17629
4499
9631
12747
-18321
31081
1542
-7440
36648
16755
6899
8763
8217
-3203
5755
13810
-19004
30538
28508
31384
51
7244
12726
368
-7186
-12635
10931
4175
-5371
33676
-1774
16939
2118
-13857
-6426
-16798
15621
2985
-7651
2974
-4984
27466
8916
23416
12688
-12812
22954
35787
39990
3145
-4404
-11766
1639
-5528
27727
672
-9610
32295
-18298
32387
-10856
33687
-8370
13150
-16603
17773
-16524
-9061
19104
15591
26072
23559
20761
21391
10157
28805
-15290
455
-32
22185
-3572
15674
30402
10290
13009
-12323
14383
25270
25249
18407
29790
4821
-9656
10412
4524
-4928
34794
21924
5934
35722
-13226
-12132
37708
-10081
9183
11382
25998
24624
36484
20328
-12857
-12662
24027
38033
10326
37416
23450
22758
26115
19649
5039
217
32690
28304
40
-7732
-18108
38919
37164
9453
24407
-2000
31314
7021
28001
-13668
22661
23661
661
25974
21815
24514
-9528
11151
16331
-7467
18881
-6146
-16468
29232
4873
-7498
10236
19877
37053
33088
-19797
26790
39250
22520
3386
-2255
3167
33393
18732
5338
16139
-15648
-19458
28393
13520
31125
-4470
10413
28914
35413
-15708
34115
10310
-19627
5692
-9321
31210
1939
-14126
20559
10701
39537
-11573
-4117
4197
39631
25667
2641
-15895
-13558
17180
-6218
2916
25061
-1345
-8589
8514
17039
34519
-7923
14244
-2858
24360
-12454
-13850
-4778
-7815
-8798
1570
21069
-7427
16045
11068
22406
28889
1077
34855
9776
15720
-16303
-16691
1831
29715
-4615
6082
7070
-19229
30659
14435
29150
23743
598
-16617
-9200
12802
36265
7221
25250
24522
-5432
-4572
18047
31333
37059
-5107
-4730
7997
171
2544
35083
1535
30314
20371
4975
-16020
16277
-696
11124
-3476
30697
3855
-9064
-5848
24502
12180
13794
4950
18648
9304
-14849
32265
12505
17140
36817
-7895
24379
-4101
24840
10955
-18511
13513
10179
-8409
-11586
11443
-12688
4856
2001
6318
-12123
-18878
18687
22525
20049
8818
28188
-8767
-14731
31595
24416
4694
39253
-137
22653
-19515
6825
35773
-13618
-13722
-7460
-299
25169
21666
-3654
-5904
12631
37231
22022
5132
-17278
4056
-11921
18461
14610
29605
15188
-10008
22015
16394
-10692
123
32864
37752
1148
-5470
34324
-3804
23325
29740
-1178
-15427
39858
-8789
15212
17525
6026
30601
18558
10691
-12062
13856
3078
-14908
4626
-9325
-13024
37667
16307
-17407
7635
-4234
10086
36448
-1983
-9548
29597
-9153
-18690
-4726
-16285
22959
25289
25141
-1121
-6558
19620
-230
152
-10984
2605
38753
-9281
-14993
-16119
28880
2773
32259
33054
36357
29615
11880
-16233
39409
-7170
-14080
6906
17078
8852
6796
38372
7407
19181
5760
-5687
-3295
17885
25270
14767
-2613
-13905
-772
-18188
23801
9803
18460
-10740
15902
3169
-19718
19749
-4263
-11376
13241
12957
-4962
1109
21391
-8643
39436
-14680
-4975
20244
-5709
2785
-3822
38073
14458
22843
22767
-14430
-4947
28833
-17770
-11150
-10454
34574
5638
21888
23353
39467
37031
1076
-12686
14338
36880
983
-9047
13814
-9778
17955
35070
-15516
12165
6042
32986
31354
1356
24255
-10712
7756
2571
34352
3472
33771
33468
25614
7749
-19974
39367
36995
22309
-6628
5193
12969
39197
16847
3966
9026
-17966
25994
-9696
16928
-5101
4222
23700
-147
-11017
-5603
-8179
38297
9138
23021
18859
39320
21354
-1052
-13601
-17192
1623
39935
26909
23255
5631
-19699
25467
-2706
-3114
12353
8241
-3987
24481
-12035
-17776
24252
-8153
27906
666
-11852
3731
36860
593
21779
28568
-19862
25525
-3062
5489
-3574
-1086
16493
27449
-18165
37153
22278
26568
37287
17188
-10201
-257
-13409
-1233
19541
35799
30972
14598
8114
12417
11087
10444
31586
13550
36425
22785
36426
32958
-3913
34797
-13776
17796
14083
7522
-5956
27673
-4625
6425
13554
23232
1326
34210
-10964
26088
39210
-4409
5082
-14503
8362
39225
-3621
-915
8112
22962
-13404
-14476
-17403
-519
36543
23255
3352
-841
39274
10106
5653
-14984
38681
10562
-461
39354
32429
21062
-19854
31981
31411
21713
-9152
13983
37969
-9603
-12796
33955
6610
1242
19252
12985
31492
4179
-17540
21047
-6887
-3380
39462
34484
-18440
-7258
30831
-1730
20866
19453
-19083
14356
-4578
1496
38080
30195
11432
-4244
35544
-6866
-15760
-6249
32443
30639
3099
27637
16857
19082
6777
-14132
14921
-1370
-11011
25362
10403
14598
16781
-3156
1146
-3309
22680
30360
-13485
3403
33131
4631
-17799
-18138
36210
14073
-17578
-5248
232
-11859
37137
23480
35452
4859
5795
19382
-14801
-5170
-10447
31312
2557
-7890
14482
39694
23636
36123
21703
866
7307
-10054
38559
-13779
22904
10285
37187
-5768
3862
-11985
-10376
34908
11676
-9251
-8660
10441
-2803
-17725
981
19172
24337
26755
-2017
34238
-828
-429
6546
-19013
-1461
37410
24039
5405
36137
-5314
25119
9801
20401
26589
-16935
34556
468
-13394
-7768
-6518
-13570
30462
-15657
38353
-133
-2341
13021
-11102
725
18404
-3852
24666
13817
-7028
11273
5155
-6782
25723
39216
22751
-15203
19015
24284
-3357
2546
9840
-17873
-3689
6770
24320
-2374
-13225
29795
31939
25213
37179
12138
27912
-17549
-17050
25210
23577
12871
32288
36678
23906
29051
-1596
-19531
-10301
27304
5945
1524
-3104
25036
-8918
26253
17157
2537
14732
30379
36549
8096
-9202
-4452
20351
12071
-6640
23887
7423
-7259
2769
32466
36283
-10594
-2136
17793
5817
2271
-17714
21494
12490
32375
4401
39448
-15149
24952
7229
-19348
5329
28074
26675
-1767
-15640
33239
22553
2931
5961
-6801
21612
1512
22499
27339
9969
26374
10297
17569
-5545
-2149
-9183
39415
-14949
39203
-9730
-16927
-7759
-10367
-18984
16609
14936
37334
-6353
-18176
3995
991
24086
-701
26885
33860
-5695
9064
34869
-4597
15233
39726
-12641
20879
34950
11283
31585
15581
17472
33291
35485
15134
-141
-3829
32972
5389
27081
-2831
31859
8316
16354
-6708
18780
-14417
18084
4435
19903
-17109
14309
-5789
-5300
3756
-12204
38325
-17183
31998
33873
-9103
-18480
-14989
12235
-15855
28282
30985
-3514
25560
-1910
-3150
28956
24034
33574
-1518
-17699
-6345
22501
-7483
-4004
-7393
-17280
15477
37646
38105
20631
32185
-8283
21179
21155
39881
-11717
-340
-7287
33125
-13281
14378
34764
6803
30641
17369
4549
10022
-7776
36663
14997
4202
27459
39204
38558
36201
15475
457
28303
-12950
-10480
-13223
2913
34294
38738
-11382
18808
8560
20090
32819
30302
28686
-16285
-18518
-11654
-970
11583
-18089
-13422
16003
36480
-4066
31072
-14271
-2338
7501
10464
30040
11455
35612
26703
1027
37436
26777
17414
21988
7034
28526
22757
39509
-6048
9829
-11905
32227
-18687
30880
19578
6639
15370
10891
-8923
7144
9644
-3789
-273
36045
26667
-11384
2774
18682
33845
22920
38847
36545
6442
8768
6887
28633
33006
16994
-12180
4684
21025
-13802
22426
-128
34341
16534
-7352
1481
37251
28834
1370
-11764
27910
-16628
-8364
21078
30636
38140
3420
9269
-15150
-1004
1678
-7678
8389
26169
-13695
19513
5483
-2335
24833
15069
30603
3282
38317
-15339
36428
32955
-4447
28427
2677
-5600
12760
24915
2900
13260
-126
10573
1007
2248
-14294
-19314
-543
30574
30386
-953
21993
9203
9052
5212
14758
15796
-2537
-15649
8109
8607
-3210
14881
-8847
25488
4338
-10561
16385
-7824
-4082
-17164
-9886
-18245
27937
-9981
8793
29240
12762
2308
-7758
-10645
7512
26046
22666
26303
-12569
19281
-13156
14793
-4716
-4883
38898
18399
18283
-15295
17057
-9019
-6304
23482
36870
31202
-6023
-16578
-6842
-19268
-4319
3632
28539
-7404
-17287
24395
7155
25048
-998
4556
32115
-17601
17746
-4446
525
-13933
21480
25094
-13537
5028
9775
-794
39333
27566
-8038
246
28768
-426
-18496
18843
30267
140
17461
30010
-12859
-13521
2945
6077
26993
25586
-14697
2114
10577
-19661
31006
11735
36525
20518
7032
4046
9602
-9025
28841
35089
39150
9922
14169
1187
-13745
7634
31516
15547
29038
-17239
-18746
11068
3686
-350
-10120
6327
-12901
28353
-417
-7598
34464
945
-1490
-12391
25687
-13453
18758
23357
-11098
-5565
-2126
1650
16704
-10058
35311
-13113
-4788
22947
-502
14726
-7409
-4640
28302
-11938
-19950
7290
14612
3788
-15691
34326
12011
18879
15344
38226
36840
16345
13407
23945
24310
26744
21336
-1331
18214
-651
-13139
29852
34945
27045
28576
17608
-15852
34340
11996
-12100
30375
-3256
20184
-10892
34199
39796
31318
33478
32978
11441
23410
21713
23325
-19634
-9556
36579
26436
-5313
13532
34368
-4883
32684
25603
-2124
15149
-14350
36758
18438
34509
11684
1488
33324
38656
18090
13601
333
9829
39948
39918
-7559
30856
-7652
21102
-6421
8931
-18075
-6793
23787
32996
39551
31703
421
4420
-11916
35666
20629
23695
21173
-12144
20095
-19144
973
-8518
29569
10925
-15841
32441
-14610
10156
-8324
16565
23533
20125
3828
21449
-14830
32583
33261
-10467
-15106
8975
34885
-618
-18296
-9344
21954
4279
-6052
14294
-15574
-3814
30270
2388
9374
-6125
13626
36891
19651
18635
2853
5497
34468
-3642
25684
-11222
-14244
31108
26437
16805
15530
37676
7849
-5529
4958
36657
13272
7161
-11167
-17592
-2328
-9709
14723
32243
24841
30976
-12490
3900
37378
-10151
18851
16459
24313
-2838
35603
-2296
31788
39446
1236
-19463
-19501
8802
38241
26714
-14097
267
29553
32679
-18502
38379
-9712
21516
-178
-482
39645
-17906
27118
11429
13220
17722
34800
-16207
-12709
-6978
-6838
39576
17431
17044
-10286
29117
-1001
14547
22900
2639
34052
21758
8895
-4710
-10067
-14448
7486
3315
5169
10982
-13520
21099
19147
458
39847
-12703
-14611
28711
6885
-6471
-16524
37121
-13884
26637
7371
28022
-5857
11900
20847
23426
39807
35339
-12019
-4813
25906
35959
-14327
10820
1252
-19229
646
21490
14602
32008
38422
-16430
-18455
-19257
38840
12365
-16412
-4583
30002
-16617
11848
2963
35524
22816
-4751
33083
-3150
34192
-6010
11531
4385
1774
29023
15389
-13045
37183
16276
5742
15791
29242
587
39762
-7113
25255
22918
-6991
14128
-16240
20104
-16970
-7078
-15149
13028
33276
3412
-16973
-5598
3951
21101
27910
26045
14558
-13360
-7673
2175
27848
2379
14998
-13501
-2536
23692
24453
22808
5741
37879
-12089
21289
-14010
21083
-9310
13396
17715
27186
14700
-12234
37367
-8707
6382
4836
14907
30913
-18073
-12990
7662
11919
38390
21643
16697
35055
39736
19479
27958
-9297
24695
7683
-4558
9764
-5751
-5439
20575
-3811
25542
34714
2410
37832
21973
37822
35569
36908
31992
33493
36099
-3507
-16483
-5360
30795
-18629
-5986
-12347
-16976
-14427
6272
21533
-11593
4987
2402
-17988
20241
28957
25443
4684
-19261
-7326
34624
3110
7453
19222
3198
24888
10745
23313
30552
8243
17322
22864
10667
25535
-15881
-8118
-19286
-10841
24342
12583
26913
-6068
38105
-1820
-5036
-3752
-12519
-4208
8408
14262
3183
21642
-19197
31324
32700
6271
19467
8347
2636
35255
3397
29414
7026
-18448
7301
38509
32707
4358
-1810
21982
698
6716
29163
258
8505
11681
21393
20886
29109
-11781
16464
32717
13159
-337
20584
36932
-16763
14681
12688
-2982
33367
33042
38706
39229
2850
-2727
37136
30568
13341
251
11149
-13172
26232
24671
10347
15721
31942
2230
5274
2234
15135
-19918
4773
3792
28655
-2430
11629
-8620
26395
-762
10251
32663
11063
36787
-18005
18726
2178
4365
-11026
39434
28941
35210
-16621
1666
35312
-14706
25446
7015
-2167
-13864
-6121
19360
-9852
6755
-11102
-7008
-18437
78
-3233
-10728
-52
-16493
22824
12535
-11306
-3332
12574
34574
28273
3648
2088
9150
-9747
11802
11427
32746
19239
-13493
2999
-10851
2180
-5293
-201
31169
-16730
13868
1054
-10481
28797
7662
433
3806
-2490
22259
29317
6925
34064
1887
24292
10692
-9480
34733
-6997
-16944
-10207
9915
-6246
34504
-17984
16924
12649
7338
-6615
-15551
-11179
14661
2337
13498
6375
34554
36693
28304
-14284
-4568
-15646
-8816
2852
62
33779
-13635
32004
35254
-6476
17329
32684
9408
4888
17727
23187
-7642
-10145
32871
23302
-3085
23602
-12844
27398
21892
874
6318
-4679
-14172
31413
-8672
4326
8862
-13299
-7248
5782
-16449
-13772
37960
-15132
-6754
28388
-18509
38474
-4022
-2609
-18158
16536
-12533
22726
28613
209
25520
17588
34292
34230
-11170
27044
28130
29555
26379
24822
21784
37436
11801
18261
39033
8209
23260
29589
2530
-5714
24648
-5813
11501
11329
24490
-1008
12205
89
6114
38312
26921
11352
4926
-2012
1620
10229
-18560
5319
35611
38183
10707
38604
-6756
15136
29031
15302
36313
-7905
-8784
6935
29934
-3684
16306
27904
17885
7655
-10487
21107
3449
-15652
4520
-17741
31040
18654
7321
1235
9871
33629
16975
27962
24985
2811
15125
-19363
35369
-17377
39056
10580
-3585
-8490
-9444
7734
-8033
399
-11820
33013
20531
4389
-4208
19810
16433
32615
5945
-11943
32566
35115
29538
32798
23308
15918
17402
24899
25365
-12150
-7543
8072
18600
12799
25077
-10483
3875
-17899
12607
-2807
-7029
12225
39346
25375
26969
10646
-15881
-15606
-10133
28588
-17473
7551
-6363
30713
27412
25801
5407
22141
28767
3934
30109
35113
33608
-4295
36224
27188
18399
37060
13321
-14319
-1251
-12427
3328
28741
18393
12483
38720
-17759
25021
-4206
-19934
-7716
-13867
-17225
24986
24235
29727
9085
8868
-10741
-2407
-18154
10172
14717
31042
-9446
33304
-10658
-13768
-12237
13885
32194
35996
38265
9649
-16835
36142
-9458
25423
26085
8223
36717
38184
4830
7120
-4047
-12259
879
-5220
22940
13906
22474
-6419
-19235
23881
1391
37690
-1008
-869
-3402
14721
30166
18231
27100
25657
29776
-5154
15332
34983
-16647
-18330
25631
-15642
37126
-2090
-4834
7477
33714
17485
32264
21073
11570
-3817
33735
28017
-7107
11483
37255
-6516
17949
29416
11535
20005
4651
-9404
-13868
9589
14967
38734
20886
-17415
-19618
-4030
30122
27444
17901
23577
27165
29586
25878
21765
27108
39119
-13278
18023
-8358
29398
16961
28009
26821
16194
17677
27930
-7768
17015
27377
-12487
-2134
-9648
10295
-433
35533
3483
16487
-12241
17257
30982
386
11915
15576
-6134
30854
-6541
123
18263
25952
3362
15402
-2480
-9914
-673
19786
8873
-7620
-12671
-17144
4007
3927
34945
34220
33397
-19995
-12045
20755
-559
-7627
-18743
-7829
22703
23950
38210
1362
-5176
10348
6284
19442
-12813
-14261
11386
32410
-17181
1494
-2747
-7912
1322
22900
36430
11708
-5554
25449
3835
35950
20301
22753
-13858
31458
38151
-274
-17741
10526
-3980
23989
23306
28718
19662
31214
10408
38276
4146
3008
-5477
-11094
-9095
39546
-10630
-16020
21808
32903
30313
25666
11850
7498
7668
4757
-14705
38929
16768
-8502
-3137
13395
13211
-15274
28497
9934
32930
31528
4785
34828
14339
-5599
493
22690
32627
23827
19900
-9960
-2666
7394
29736
3329
-10331
-8477
29366
20576
20520
-5372
22159
-17499
29826
27380
-8681
-5065
29174
31777
-11794
1543
-16394
8843
6764
-12548
-3504
25812
-3922
22631
22438
12135
12998
-502
30654
17940
35423
16586
33671
-9270
-17221
-19078
7528
6840
11280
38841
3564
2480
17986
29785
10240
-6506
-11001
9288
36221
11298
9338
23252
-14785
7507
9398
-15957
36402
38376
25481
12461
-1844
14028
15852
-11871
-1741
3777
-11643
5086
10172
26613
34506
26050
9133
3997
21345
19363
-2782
27690
-18457
8374
-15620
-8205
-4776
14411
19610
34645
30645
39282
20149
7916
39292
20823
6569
21772
6365
32969
-16703
-1199
11573
34441
-470
16802
19647
6088
6455
33445
-1103
33415
32551
16498
20372
-12242
15757
38280
26344
38251
-17775
33876
37785
-9574
23132
39836
33099
10501
16488
19117
6706
25494
-10208
22141
-16056
17053
-15705
29257
1524
-6640
1529
23025
2509
-11666
3843
32679
39927
3133
6049
21768
10986
121
-9619
-15393
-4813
-16604
37114
25686
23106
30870
8691
3478
-14678
-2904
18491
33011
32307
5015
-6569
-5351
-1970
19343
-14537
-17107
-14707
-894
26469
-3700
6950
-17765
7659
-10303
-8907
36020
16681
17963
24416
32641
24284
519
16261
-10167
17721
-5460
37113
38313
33034
-8383
36658
-17364
9645
-169
10816
15928
19491
38179
22356
15762
-10646
8681
31975
20615
-17169
16862
34207
-16952
-3185
25796
35540
32856
-954
27939
-8614
26067
22086
17624
37371
20163
26465
20114
36324
38084
-19810
-14355
35191
25673
-14224
-16458
28571
6772
-19217
21705
8030
26454
-14183
6948
12131
23606
-18451
30731
21308
-12169
22201
33854
15335
18900
14045
8499
3193
5670
26708
-11190
-17995
25470
-8435
-17344
30192
22808
34563
-11103
38690
12960
-1760
-9301
18727
15288
-19054
-3204
4050
-15871
3942
15115
-6251
-157
6007
23258
9016
6683
18286
37085
-17346
6667
4811
415
6704
28353
18755
-10673
25668
17404
-12559
-8635
13909
-15085
13619
-6164
28881
5652
13890
20078
-2516
1223
19235
30553
32883
26884
39817
19803
-1417
11005
10211
25103
1969
8119
-14864
-7611
37084
19553
-5441
6779
-10097
-12608
-8191
25743
32799
-1360
6869
28239
37415
-11941
20877
32465
36398
4556
38050
-14134
4165
6912
-12499
-9266
34917
-17567
30637
16222
2856
7838
26174
6694
4616
34027
28932
29012
22847
29183
7495
-14754
2462
22421
-5836
11795
-17438
30612
-1442
10645
27655
16865
17072
28497
-6477
20505
39041
32754
10232
24173
35065
-8266
7124
17661
-857
874
14431
23447
14488
-14853
28795
26548
27501
30516
23261
23697
-6840
22264
17179
32031
-7189
15889
32543
22167
8888
-9823
-16476
-2479
6770
1994
-10966
9050
33616
33958
-17097
38131
-8415
-12591
-18761
-11319
13648
14014
-3889
26803
7213
-5671
19876
25582
-11024
19862
-11423
37588
9904
12668
6342
-8893
39609
2639
28659
32776
-6499
10699
27337
8801
25825
29258
7713
4813
15291
3640
15707
-14509
34321
17804
19541
9338
30631
9841
12220
-18537
5043
-13610
-18554
4852
3280
19301
7210
3908
25213
39416
6131
16486
-18321
17130
-15458
-14410
-19319
2110
7011
6625
11288
34976
21590
12685
14667
12106
33074
20273
8619
28913
17185
23894
-12640
34532
16158
39238
-7634
21653
21753
-148
8170
-14866
25964
17476
1403
21269
-3651
17527
3965
24269
20438
35718
-1548
22040
29675
20652
-9358
-2897
-6214
37414
-16514
3910
7812
18356
22598
5285
-4067
5455
10645
20756
-9414
-2919
5481
-13360
7778
-4651
13711
-2420
-17523
20846
7956
15987
-14850
16501
33448
5954
24750
22588
-13530
3829
22077
19750
-17989
-8310
38391
-2224
17674
2345
13070
7069
17665
27445
-5682
34299
18974
-6330
25050
12046
38697
-12656
3402
33624
17731
-8095
13570
3337
6766
2181
-2230
-1340
-17728
7776
-14980
-13222
1933
17373
-10608
-9302
11950
35254
18926
15889
-16554
9610
25936
36489
12739
31748
11966
10019
-19642
30837
9609
24800
36934
2090
-8831
12005
21478
-11519
1810
-1780
9388
-155
-4140
18677
38281
9916
-7825
31586
1065
31940
-12831
31858
22712
9349
17498
3733
34962
-16364
-14877
-11748
-12669
-14280
38556
31098
-17225
3283
-5975
-19844
4549
30278
1215
-13965
1766
9173
-7862
-1740
-12300
5702
-18529
-7769
-12135
-9393
-13556
11523
-14211
-7354
23205
1890
-18806
2958
33541
37020
20118
5338
16204
-13276
16919
38936
-19562
3404
-13403
39308
-6339
25677
10385
27819
11665
31942
-8703
3808
28063
8548
19322
-273
-337
4963
16661
32506
27106
-8001
-13245
10917
-10975
7202
-2608
35242
5118
16369
16040
-8875
-9595
36505
6580
3183
-9011
-19551
39513
-16709
25611
-9192
6754
32417
20218
32118
-8774
-5517
-14335
-18003
11986
27682
19399
24351
22675
36784
-2578
35549
10013
10670
21123
35145
15994
19312
-1874
17284
-19355
27615
-5649
6863
92
36491
23304
36962
4188
-6237
14012
35595
32823
24589
38162
-19225
-2003
12219
-19066
40000
-910
23769
31699
-16093
8500
36162
23238
34017
-3762
39375
-17735
1908
39934
-7711
-15926
24807
36441
15769
16524
28568
34014
39604
-4255
8569
-15948
9785
-5811
3176
10152
21217
38326
-8939
32737
968
35581
32399
-2877
26856
25981
21690
11649
7153
573
19460
20440
-19183
19194
15947
21600
-19987
4208
19609
4709
25457
-1764
22741
14669
12838
7000
38350
29912
20840
-14263
32424
-9234
39018
33213
-13299
3958
-13291
9945
-18840
9498
34868
-4885
-13042
28438
35756
36555
-2559
-16722
-6169
-5419
-10076
-11191
-11587
-3493
22863
-13768
8984
-1779
768
4091
-2478
20070
22598
18908
-7029
-2158
28598
-18279
35909
-7049
-10659
16925
-7607
22382
6243
7763
18419
-16941
19502
2206
-17705
12042
4113
-16573
31839
10683
-13704
25244
-1182
7249
17830
16720
-15352
13292
9721
-4464
-12336
-12188
32174
-16897
24336
33300
-10008
-6477
29200
18369
23393
-5086
-8662
34798
-9047
-18275
-6087
29790
31487
-9930
-910
-5597
592
-1758
38199
31630
5338
6537
-6605
24526
39034
-12910
-9852
665
37684
-1734
-5795
-19859
11040
8560
-11250
-18626
38502
2158
35260
2740
-16419
8057
35503
-12403
-5271
13412
-5612
27649
-15184
-14609
706
18088
-5686
-4440
11097
21731
-11234
17055
34111
16679
-8603
-18371
36316
-1259
472
-8318
-14122
8842
27122
17997
34744
-10606
10801
35818
-17863
20715
-2694
35065
13578
35947
-15477
37808
-12040
809
8162
30291
18856
6434
5961
26832
-4294
10467
-9859
-17472
15190
-14525
7684
39073
-1688
-17462
32953
114
5061
14745
11223
-6738
3180
115
25236
33418
1733
-10245
28459
24265
2603
-11694
9364
35703
32883
15306
-11870
37199
-17758
-15511
13359
26366
2254
23459
9971
25207
22444
5482
35743
33404
12691
12130
39380
14333
11443
-9528
-10011
12408
-4366
17423
16005
1320
-18895
-13092
-8817
438
-5205
-15193
33787
25393
10760
-18692
34176
-11063
-11680
816
16113
19104
12117
-14100
39821
-9420
35557
-6168
-4987
-17846
-10388
36490
29057
35779
1583
35559
36749
22171
33505
-2263
-15840
-19962
7715
-9213
34448
6990
8586
20177
30578
14767
21252
-12060
792
20494
34373
29659
-14353
-15164
-3053
23940
39619
12798
12928
8735
18035
24077
37458
27693
-18489
14781
-2496
-15560
-7380
-8919
-13570
-18553
19900
20754
30253
-14248
4748
17852
-15950
14193
17037
-4800
-11704
39418
16177
33420
26926
18814
1349
34296
22342
-9258
10861
30723
14473
29590
38647
-1867
27341
-3648
2294
25298
29448
26698
30308
38861
-18030
19277
1855
-7602
19641
15678
9988
28599
19260
21039
-7597
34318
29579
-14009
21550
465
-18846
25013
3495
12357
32871
35199
33384
11467
4935
8054
29759
12486
10180
39172
-7507
-7085
3530
-6614
39762
2498
-9803
9746
2952
-1846
16088
37668
-7370
-18728
2224
-10214
9003
11064
34908
-10038
-5946
-17639
-429
6159
-12038
6653
19229
8608
-6763
23898
17077
16057
-13717
26458
-8170
37057
10345
-1155
-7340
3311
23912
25243
3844
-19838
16210
1033
4222
325
24975
-5672
-19347
17315
34955
37463
27457
9752
8757
3774
-3152
-3246
30571
4735
-11664
39851
31694
2410
11760
32620
15154
13065
17060
39426
-9513
20903
-6771
8541
-3626
6080
19244
-15144
-11364
29101
-17602
26153
-3719
-9152
38471
32659
-6769
27646
-9906
22907
16647
3562
7393
1829
-7052
8362
13735
-13049
-19034
-8949
4379
-2330
37846
5915
-11474
23685
-15845
4767
900
-5735
-7591
-6737
8699
24347
39125
9520
-19344
-14915
-4714
5511
6267
6668
32947
-17252
-4819
-9896
32869
9961
-18269
3142
4162
5717
22560
-18916
3576
6731
19723
-3475
32614
20845
8106
36404
26872
15376
25111
22428
5908
-7987
13611
29889
36276
-17942
709
3967
37365
23378
7507
36696
11633
-15803
-15378
-18749
639
1237
20641
35789
-7106
-12537
33458
25778
-18974
15299
-5710
-14302
5125
-4806
36871
32936
-5208
6065
1872
-10812
39636
38782
36185
5080
-12520
-4652
1517
7132
-18299
26904
-18083
7861
24118
27806
-4675
-11518
916
37893
-15205
16048
12045
2800
-7314
-11036
-2439
-3347
-8761
-14903
33647
32377
-9566
-14555
14803
14186
13760
19114
-14586
8735
21114
-3754
25216
-2064
-1442
16206
30224
25747
-2085
10520
711
14109
-7582
22319
33626
33495
-6259
27048
-13877
30650
6039
-10334
32863
1024
8767
5238
37798
-5411
27151
-4789
-15047
-3213
21503
1764
20682
10333
23718
24303
-2744
-1272
38386
1302
28594
28762
-16158
5450
4768
33159
37820
-17900
-17144
-16713
26155
-7726
11520
-5285
20631
-4476
-2355
-16809
26662
-6422
18413
27565
-10243
16596
11356
-1954
1484
15998
-19373
16563
-15718
-13243
-1985
-2008
194
-5777
-13696
25014
-12921
-18903
7847
25082
11480
22695
23132
38556
25914
3996
-15631
-14150
3774
7739
27021
-4532
27856
-4399
8596
2560
-19419
15999
-15448
35747
3040
19779
3065
871
-10327
-15215
24945
-15424
28647
-264
16999
38677
-17644
36411
-15020
-5179
-17942
11851
-19464
-16901
9417
23775
-7688
-13459
-17606
37117
-2757
-9956
9790
21153
37076
35437
31547
-10680
29526
4888
275
33774
31868
37382
33039
-2168
27099
-15516
34776
-11796
23484
-8894
-3674
-6803
-8944
7827
4419
19640
16903
30812
1439
34321
-10964
36400
39696
10683
17929
26394
28274
-10402
-6876
38352
30990
35104
1584
-8744
29862
29492
-210
-16777
10023
17693
1105
20842
14710
14937
20527
25710
-2356
-1023
851
1862
12729
34181
-10884
-7496
9771
-1288
11963
-4841
11064
17645
39615
31770
-19462
-4761
36016
33402
-7722
-2837
-17509
32134
30552
-16880
-9362
32747
17823
11082
26467
26335
29612
-10378
18402
-3833
-8071
-361
5860
4425
-5740
9446
-9708
21842
-18803
-5676
-901
-3478
18544
-1295
2522
28714
14098
2559
29549
19788
39088
33058
-14137
1319
35534
-5587
-17419
7734
-1580
14491
39470
1601
32168
34318
-1514
-18615
-1180
-7415
12206
-16253
-18350
14250
-17140
12017
16582
-3881
5942
14130
17601
22971
24366
2248
14813
5535
4431
-13105
17095
4075
-13031
13567
4064
19334
-355
30242
27831
-15768
3243
-18372
25405
30393
-10485
12164
18864
37200
16269
-15703
4487
-10700
-16459
-8920
31697
30069
29109
-1176
-4488
1824
-14230
-12748
2054
-16519
-6818
29913
-15957
128
30416
29689
17674
14502
3943
1436
30531
32355
-15216
7552
-17524
-6553
3637
-1981
-2282
26455
-2890
32093
13117
-2936
27330
20657
5918
31066
15327
-4755
-2760
8427
37371
11829
-11382
17988
-15056
-11526
9175
-879
8957
20958
14131
39011
20710
29584
32724
19572
11557
-11193
30730
-13387
3226
-7938
32790
14994
26988
33120
35852
25239
29945
11317
28531
36593
28199
4313
-14666
19701
-14885
-12997
32739
108
33006
-2349
23454
15003
12149
24899
-16994
4116
30142
19284
-8706
-15414
12468
-3521
-7940
8718
25325
35139
15901
23258
367
15242
-16835
23334
16615
28884
2504
6226
5840
22537
-13935
14053
17834
14746
20950
20535
-17051
23013
56
22802
37836
-15849
34571
-19123
-3286
-5492
38609
39190
16548
6826
-9484
9279
14563
-17713
-11325
8776
1295
-11073
-15840
21093
5240
32974
-13099
36973
8247
18117
38956
1186
11155
28038
-12754
11952
8249
-14231
11438
39552
10946
-1609
-10473
-3102
39147
35523
20235
3879
37906
6231
29612
39382
-10158
38500
-16879
20097
-2434
-8792
13933
26426
-2145
31301
23946
23669
-6900
-9526
-8012
33010
39305
39573
37011
19714
-11013
-9698
23090
29943
31542
-5916
-4833
34291
1741
22709
-8019
6746
-17542
-11942
11700
-19073
13848
38015
-17598
27956
-9635
-15492
2869
14241
8423
-11969
2648
3895
-4070
16689
2439
10544
-3160
31057
-14043
11983
-4302
25734
-7285
14574
-16974
-19640
38766
9888
-3057
14581
17072
16731
10642
-1207
-813
1231
31449
15069
5385
8035
34280
25547
37476
9132
6848
39381
-9237
-9449
20799
39948
7579
30706
-18220
22831
9877
-2777
32198
25460
-4581
30374
6632
-9629
-6106
2831
-15434
4069
34067
-2092
-17359
29753
-9757
18658
-5689
28665
-13137
-14268
3380
-12195
31530
20896
34749
18373
35949
-17382
7394
-3261
-18745
38934
10792
-7826
15384
-13621
25335
24455
-10605
-16617
4669
10092
33992
5088
-13153
-7669
24952
-3680
33416
36927
-4948
28588
-10734
18331
6167
14922
35336
36749
-16432
12391
5057
14974
-11643
-5595
-15296
-14004
1987
-6747
26341
14038
322
18821
29515
-2837
32956
13832
-16677
23335
8904
-4125
38940
36267
30326
18121
12187
37141
25643
-9579
9842
1298
24132
-13286
-2963
-16502
11312
21904
23623
30924
34990
-5697
367
-8387
39777
-9740
12697
-10548
21248
21093
6558
11290
4356
-19970
19523
23335
35910
22060
2821
-15578
1370
-18057
-1735
-18672
25748
-6252
39475
16579
-7549
-17233
-15933
21915
6642
-13119
7998
25853
39977
12353
36885
37767
17787
11310
-10946
-17440
-13726
32268
35769
-19752
37772
13147
3287
31587
8897
30181
28405
25364
-18839
29675
3941
6996
104
5392
38740
37418
-12833
-18866
34760
-18414
453
-2452
18679
38484
1544
32970
10012
34081
3803
-16415
21953
16593
-1708
-9179
-12070
-17319
15855
38643
11078
20187
-12667
14349
-7480
-4526
39614
15083
25838
15662
15997
31026
-14389
39231
11828
17262
30944
5866
-5399
-14408
-3913
14952
-16030
-6095
-19840
17621
1298
5585
10321
-19546
-4940
-8728
4588
32618
29346
19171
-11812
-1019
19517
13765
33208
-1981
25496
2933
11701
4223
7811
-9630
6712
27225
-10056
24589
31268
-6171
14337
37366
5963
4811
34460
-8953
25176
-10979
39445
34031
-6901
-17302
32878
36052
-11509
-19125
-2530
-3283
22371
11544
-10829
27804
38404
4191
-4229
231
-7610
6422
-6980
14784
4075
15710
23962
1003
24259
14667
-19663
-11359
7980
3000
21868
13951
371
1019
4724
24505
11292
24683
71
3215
-1189
39491
-12066
35616
28464
-7759
36259
-16394
9587
5607
33208
-19972
6077
-623
1381
31894
16574
11916
5021
6501
9883
15572
-9315
16243
-19516
-16748
-17909
38499
4717
-8488
32477
30218
11891
13731
-17933
31819
475
-7473
29338
21146
16851
-4780
28154
-4518
33346
18156
-17223
2410
34857
6050
-6746
-974
39656
-8252
12239
-18843
-1523
5486
-300
3952
3348
-11780
3559
19064
-17071
15566
27755
-4875
-4181
3087
-3449
-5173
38092
-13492
2361
15908
-6366
17801
20793
26897
29271
8377
8518
-1219
-8670
-5530
-5647
-11317
-19691
-13073
26673
38552
35894
-8310
35714
-8548
-8251
-5635
-6742
33566
28186
17314
34852
10576
36178
-1383
18434
-15601
1133
15277
36731
27222
11865
37082
12851
35616
28806
-13199
10098
18809
25141
-10086
-6234
-19181
34900
3313
21296
-16133
37214
27146
-9149
29432
-19607
462
3793
33756
-8831
-18177
16516
32239
14084
30060
27104
-7231
23294
2463
4050
39977
-284
628
9840
-12822
7120
35808
1553
-4791
-6394
20583
18610
18102
26726
2997
39477
-4635
-12286
-7936
-6833
39711
3390
-7355
3543
26703
35948
28142
-8011
14342
10805
-10382
17420
1274
11249
28615
22249
38261
25840
-8430
5692
-19220
-16662
-14663
-1290
124
25930
-18686
14990
23757
19686
9512
33003
11481
19248
-8113
19539
18735
13696
27815
-15394
-19409
28762
20524
35734
-16288
30916
-1424
37777
23274
7545
13155
21234
-9351
36381
-13230
-13059
-1631
7628
-12224
31684
-10165
12106
28953
24988
2177
30985
10788
-17524
-5943
36024
31717
-3215
32467
10870
19401
-2601
-11127
-15110
36066
-3842
29979
-1782
16857
-6059
33609
31494
39945
-268
34272
-15647
-9155
594
-4796
-9397
-6975
29117
-19696
-16027
24138
-516
8395
20438
-8089
-16283
-4332
16909
30919
10468
-3572
36431
-901
159
12250
17261
18309
-6012
11018
-7930
37616
-17120
-18033
18006
-624
15561
7911
-11422
8978
14239
-8560
20261
17646
-8357
29224
22869
1459
-1094
31266
-19243
20696
29025
4710
-2137
16026
15737
17525
12286
-15203
19046
-15514
35795
28348
-14628
-4798
4532
8327
-10058
-9017
2513
39924
-9699
18693
18327
-12176
-18088
22611
7698
-826
31243
30804
10792
2646
24557
34794
917
6091
29250
-8983
33974
15599
-9166
-7311
5725
-9668
-6547
15857
25661
-1597
-17599
20782
29168
18027
12527
48
23958
-4763
25426
-2562
32447
13923
25536
18153
-3050
23154
21763
-1462
28962
5723
37487
-10087
13400
17989
23277
-16682
-756
-6417
10116
-3726
5190
6652
14406
28238
15514
27633
39848
-14698
8337
-271
38345
34644
20864
28497
3162
28900
-14049
-5742
-14487
33401
15949
-15538
30113
-16247
30679
25190
34840
22639
386
28243
5234
27726
34412
27641
1048
-11885
29112
-17491
33056
-2365
39790
31291
22828
-14380
27388
26307
-19844
27553
-20
7145
-5320
-17251
12486
-3348
28005
26099
27070
8014
-12464
12932
17878
20564
24135
-16481
16278
3775
21075
29021
18135
157
32047
13592
-16557
-14229
15366
30791
-14779
13712
10329
34780
-18215
-5997
28587
-4400
39149
-11363
35746
-5433
28028
14164
-5929
-17415
9194
35229
-2739
4315
-10014
16867
-6897
5028
30272
3966
20313
3498
23007
29067
39950
37770
-19671
-17570
20275
-13700
-18341
-5909
24883
29562
-16685
-1341
36806
-4585
-8439
18435
16038
10028
-13134
2512
415
-14767
-5589
-7272
9021
-12605
4313
15791
36648
12203
29987
33254
-10688
17487
39713
-11448
-8811
31617
22627
32540
11696
-9574
37656
32004
-10192
-7391
36809
2169
34740
-244
7610
-19327
11284
-2416
2209
33952
-5919
25040
-5245
422
33902
-17427
-3782
15941
37004
14193
-19848
36301
3196
20493
-2120
17848
-17784
33211
-16400
-389
-6204
-3052
33040
25286
25867
35061
21346
9566
29513
972
17051
-14933
31006
36766
28019
27373
14262
-8220
-7110
-3266
14912
33741
25328
6183
6563
13565
36677
19111
-417
27798
1171
24083
3421
-6850
27430
37466
27791
20048
30763
-8980
2761
-7605
10387
26196
-4887
-12901
-16065
16028
-17283
22906
15780
17172
34045
8123
-10230
-12805
17285
-7166
-15159
6388
32423
31165
-8320
8685
30144
-4184
22958
6403
18454
-15454
10026
36822
28891
-17611
15954
18204
-4867
4816
19178
30046
-6910
-4177
-19978
-9687
13532
-13035
6236
6036
-11128
-13056
37923
-12289
-11974
29351
241
28910
219
5207
-5284
21806
37420
12410
32149
24936
3043
-15944
25276
18322
12045
-19174
39791
15195
17667
-4394
-3600
2451
23932
35301
18403
8804
25125
13251
8662
-562
-5932
-19710
-5859
-2049
19767
-1914
16819
-16367
19407
-19995
36139
22102
21224
621
-1961
25984
7644
24767
11804
15851
-8413
16279
15269
33170
-9138
32788
34880
39259
-7462
35507
29885
-9041
-6937
19221
-3407
2368
35298
6490
7729
25234
14638
6954
-8968
-3843
-15480
-16975
-11943
-14989
38406
-17689
7709
37369
-13279
23462
10130
3246
-16181
23591
15113
-16341
-4660
-3727
30219
-17125
-7860
6267
14179
35639
2522
23322
32247
26323
-19436
-9626
8321
-4014
18785
3727
-4835
32315
9897
-8916
6856
33686
-2591
5224
-14689
27122
4101
20984
-5662
29054
-903
31761
6991
8484
28371
26199
-13631
10627
33035
15609
-1454
29115
15058
-5063
-17509
-8929
8698
-2435
-4841
13744
8606
14417
-9651
-17282
26950
32354
24574
36148
989
28218
1140
13746
-19571
-11948
6893
-804
-14512
-14532
-11254
-5699
-19943
8472
-12237
1327
37738
-6400
26208
1227
-3417
-11200
-11228
14637
29201
30658
24190
19167
34150
28111
21057
-8064
-6241
2529
13128
27160
38372
29466
22546
20655
38219
33300
3436
29730
10371
3185
-7968
23603
8766
-15429
35539
2376
29374
611
-13502
28782
23511
32466
32851
17299
27548
19527
13407
9421
-7301
659
-1514
38893
29934
-18689
5127
1822
7386
21144
1304
10429
13144
22136
-9390
-17749
5841
638
-12950
6501
11335
-17340
-15241
3129
19674
24028
25351
12528
-778
-12814
-13216
33928
-11772
22173
33059
36872
19950
-12626
625
1705
-18822
-12531
17723
2935
33988
31160
-13261
4514
30602
27175
39638
-2565
-12567
30223
38969
35509
5216
6818
39555
31623
28359
28471
-18265
7360
-12033
7256
11302
-17706
-17260
-7415
-14507
38553
23260
33150
11630
38674
32372
17163
26265
19854
31810
31224
-5387
26538
-8277
32918
1581
32987
7047
-10973
5471
-748
11250
-4442
3600
28308
-1795
-17812
-8981
19896
4641
37543
-15499
-11764
25323
14558
14458
33532
37527
30982
39796
-8797
31256
-4372
-19987
3318
-3190
4822
19772
3796
12338
3504
4344
23415
3230
12723
-12262
17203
15526
33595
-18898
-2009
37996
26719
39906
-10908
29568
13857
8635
-9084
-5651
17793
2101
34227
33377
15347
-7329
21217
38278
-11930
-15845
39651
-3099
-8806
13073
15843
11495
32496
-18551
10273
903
-2715
39971
22631
32897
-383
-12569
-13473
7598
17933
-16738
-17241
-9104
6351
-9300
23523
-10790
8937
18687
9139
-18133
-9479
22753
-16140
27513
19464
16634
18070
37637
25862
-6301
108
33466
17258
37647
-19544
-11263
-14251
-12507
18168
34987
-3060
-12369
24848
38926
17190
-8310
-18556
-3091
-6793
-13249
16127
-14010
32034
6111
-3212
16118
36916
29148
12247
6562
25851
22128
-12987
36409
37711
8061
3534
27401
-8865
30098
37310
19935
-16322
29872
11599
-10498
13078
37125
27035
-4167
34962
38655
39787
6564
-14782
27309
12688
22648
-14668
24154
9401
28229
24877
29113
-12501
12094
2946
37003
-2989
3446
25950
19732
23102
21744
-3591
4469
27320
16045
11661
6646
29953
-4582
-5323
-9253
20534
-2909
10099
2320
8981
7356
3834
2118
8603
30829
-19770
11154
-4232
24923
4771
-1905
5575
-3492
-19563
7565
31331
-17157
-14235
21898
-13929
-18029
2704
17004
118
21013
3633
-2419
21152
-18821
31688
-10876
13826
-16363
-4400
20743
25751
-15663
31403
-19402
11280
-7299
10971
-11944
-19846
23012
2931
5189
-1764
-18555
7941
-8464
22334
17749
-18326
8959
32855
36845
5099
13428
6538
36974
-2747
-762
3125
4844
5940
-12113
18495
3959
21524
930
5144
35361
-17203
1406
14472
35654
17251
-3362
18805
-3249
19898
32181
25971
2634
-12481
8377
35410
35799
-14666
38854
13798
-1279
-15821
34929
30630
5572
20012
38857
-4911
17665
-15653
-16306
11120
38573
19026
700
21302
-1560
17814
-13687
-15563
8908
13094
36520
21274
10783
-7466
3187
7169
4362
23368
-13452
5397
-8172
-8604
19012
-12633
33437
5828
-7452
33092
5223
-4106
-11407
6311
21521
-8143
33411
28948
-7356
-967
36487
12988
15632
20011
15925
-7140
2956
2813
8750
32068
-18479
28989
30860
20801
6384
16283
1089
17060
-6807
-3708
-14883
613
-6546
18354
-7390
-19404
-8070
-4757
-11064
2928
-17781
-10740
14827
-6457
25587
3295
34333
3732
35721
-11697
12511
29821
19230
33541
4856
-1890
32280
24771
-10188
14663
-14941
11018
38584
24327
22364
18624
-17101
-204
11366
15035
17933
6834
15530
1901
4367
32815
9667
33847
-13978
28963
28498
5702
-16141
473
31550
-2748
-11421
24097
-8098
39451
2030
22023
-19090
-12367
-9367
37449
29818
17655
-8768
18586
6002
6899
-5864
-3276
11176
33194
2857
5396
38048
22197
36246
-15738
36714
14221
11026
18222
27250
33012
34729
-4941
-14326
-15250
-367
26976
9066
13106
-8550
-8290
-1630
-12065
5009
-12567
28977
-8482
3509
28159
-7861
21482
31236
5866
20707
24060
11830
7880
6657
-5354
23955
26716
16673
-5138
308
36724
13837
33678
27076
18752
13034
27080
244
-19648
2380
-12374
1194
-10743
-3167
9885
20751
-13894
37529
23628
9340
21256
-6025
17447
3809
35023
38308
26263
37773
6864
-3748
-8507
18278
-7610
4960
-11826
8085
23741
8543
18339
159
14503
-7100
-3065
7248
13009
16418
29301
10780
11033
18557
-18642
-13207
14125
-6654
11320
-328
-14608
30146
19357
19607
-14683
18104
-3079
-6274
-7948
19193
10580
1477
5314
6144
458
30065
30021
8307
17606
30404
-18980
-12348
29084
35221
16376
9257
38848
9546
-19624
34878
-9871
992
14907
13754
23263
-14968
33885
24848
6389
27114
14879
-14290
6411
31997
5899
31638
7071
-322
-4962
-225
-14211
17863
18540
39239
-7137
22454
-17165
29081
38249
26027
-1086
-7928
-15700
5481
12379
-12192
22471
-18278
27172
6989
28128
-3676
18328
170
-3214
32933
-18498
9561
16490
8210
-17141
16525
-9055
-18164
-6555
7360
27493
-18791
-6773
27650
37811
8831
10832
35430
2434
17674
27542
2975
25387
4291
26891
-7540
-3664
25326
-5307
2634
27798
38424
-16964
35636
23186
33609
9599
-3965
4079
-14743
16899
36781
6174
1436
19824
34479
27874
6596
32546
36531
-11882
-9764
28589
12821
4101
5489
17327
34510
11984
-18072
33145
-13253
15907
-17382
11913
8777
-19024
263
-6560
36198
19242
17221
5918
-2539
4083
27490
288
-6598
8855
23134
-19620
28048
1200
27294
5997
20411
16714
-4597
1323
-6998
-13449
24158
39105
-2557
38119
26245
-6829
25624
32386
22973
17995
11410
33312
26372
-4750
-1919
29608
-19626
20112
2748
25779
21115
-16693
6519
-19417
12683
34938
-3871
-4333
4550
28204
21031
17454
23078
-7010
31885
34152
26522
25103
-19356
9807
23376
-14427
9693
22011
8736
-7800
-17168
6642
26014
8579
36932
-17415
-10660
17654
-14714
20079
-12410
11967
-7735
1125
6854
8349
39159
1731
14358
27988
-6318
-5758
23443
-9670
25826
37820
7605
29976
31730
-3691
28302
11892
-13390
31180
4058
21390
-19285
12401
-9018
27786
24807
12117
32413
38848
34631
14661
32614
32476
25706
-13818
31140
23690
24576
11832
27866
15543
1934
-8427
21366
34994
-10575
13076
17066
-17114
-1519
27035
7989
37612
17486
35217
20646
34044
-1374
16936
4426
551
13726
7988
17591
1201
1851
22417
-9441
-6941
13236
-11164
30040
26293
28471
2400
9336
-13694
35051
1987
20655
-5220
35328
2266
21543
24742
-2047
-17305
-11543
11581
39899
-190
22738
31771
-2042
28218
9096
28681
28655
-1662
-12823
-1583
-6650
-10458
26025
-17762
-3485
-19071
20081
-17423
-623
17985
22945
26944
16477
5813
24805
2276
34233
35504
-2981
33165
15413
-5757
-14300
9677
11991
11602
4164
-14719
4833
11477
31331
22396
33716
21
-9857
-18503
5872
32456
29229
-10204
29502
22949
20794
11317
-11882
19287
8250
34721
7443
11188
860
15052
-13243
36135
24004
6692
197
4053
-10171
224
37615
-19855
-17875
38757
-1251
2008
31738
34934
35840
-7774
32905
8777
33197
38344
1002
-8457
22551
30165
12467
17998
2110
30128
38207
4754
30190
29624
-16462
5307
16478
38664
34477
32813
-19007
-6350
37353
-9787
5624
28482
28903
33427
-7068
38828
-12186
2051
19872
12595
22554
5928
-11679
-10411
10748
10849
32531
38886
24325
-462
10245
31945
-16145
38167
3437
-13873
3553
13414
7166
28584
-18644
39704
37052
22297
36211
23792
6204
39669
-9262
12373
-11985
9398
30703
31357
31137
5391
17189
18171
-12644
3937
17201
24850
32825
-5449
-19927
-9863
10717
-18127
-1425
32291
31456
-14593
-846
-7789
34095
758
25758
32170
-5117
19308
13684
-7149
-18554
5598
29868
-5978
-3301
-8565
21340
18402
28075
9457
17401
16087
38933
16978
36195
19715
23657
-174
6699
-5389
8785
11864
-759
20494
-6125
-6679
-16162
7413
-1503
-10181
-15531
26960
36351
34884
-9968
26370
17986
34312
25500
3130
4594
-5940
-1816
8965
-19004
20941
-5513
35096
8925
25562
29163
12454
27837
35205
6103
-18446
19038
24263
-10209
26435
27907
2218
7231
-3650
9739
-419
-5175
28299
-13949
-6701
39949
-9942
36559
7301
9587
39019
-1346
1602
-14369
27232
-10672
10978
33663
19155
-17897
-1326
-7204
4124
22162
30288
28828
-10898
-8273
9636
36432
18720
21816
4975
-14493
22102
33142
29492
-197
34665
9644
15183
15560
39887
17560
-19101
7788
-4939
8174
33079
30605
6770
-14580
35373
-2013
20608
-2346
19680
39902
10822
310
-12574
11733
18729
25444
35215
29786
32787
20216
19792
32345
30778
12750
20780
22541
4813
-5268
8534
31506
-12444
-1407
12755
25322
6288
-5243
14971
-5737
28973
-7345
-7743
16505
-17370
-5131
-19064
23565
1147
11842
38725
22604
-12514
18847
346
-16735
2038
25701
23999
-116
7233
-6033
7409
7273
12295
22646
14541
12798
-1649
-12468
30496
-4960
17713
1551
37950
716
-8559
-10647
-5492
1936
-12317
30421
25553
-13418
22339
15999
-16999
10794
-16208
2854
-17091
15555
20505
33625
8716
-17663
611
33507
-6172
16837
-5965
-17773
8634
1597
11295
482
28183
29901
34330
18326
28995
22553
32134
17512
-15101
-1289
24349
23893
-9039
1885
17809
-11919
-4163
-4927
-14590
-15018
38105
-12629
35281
26089
31853
17397
4372
15333
27590
32819
26990
-550
-2908
17152
1315
29336
11937
-18906
472
-12177
-382
-7666
